  10.00  10799   4146 classist
  20.00  14502   6701 cajon
  30.00  16205   8641 jerks
  40.01  16811   9778 lancer
  50.04  17001  10453 grease
  60.00  17182  11178 ragde
  70.00  17228  12070 malist
  80.01  17201  12947 like
  90.01  17083  13806 mirvs
 100.68  16888  14651 resect
 110.03  16679  15410 baiters
 120.00  16634  16171 hox
 130.00  17043  16907 scattier
 140.01  17368  17607 loafs
 150.01  17556  18226 blotter
 160.01  17610  18950 popsy
 170.00  17739  19692 wearied
 180.02  17767  20264 greed
 190.01  17734  20988 swather
 200.01  17640  21692 stems
 210.01  17554  22403 kuna
 220.01  17393  23096 stagy
 230.01  17209  23833 swaddies
 240.00  17041  24527 maria
 250.01  16845  25154 samiels
 260.01  16623  25855 clammy
 270.00  16333  26593 hamsters
 280.00  15889  27868 besort
 290.01  15252  29152 aha
 300.01  14606  30421 recurves
 310.00  13897  31721 speats
 320.01  13588  33085 ratton
 330.01  13702  34504 steeded
 340.00  13575  35948 racon
 350.01  13335  37298 scutchers
 360.00  13000  38709 boskier
 370.00  12542  40120 xylems
 380.02  12089  41283 knower
 390.01  11463  42693 donkey
 400.01  10708  44326 hila
 410.01   9859  46002 smicket
 420.00  10034  47738 estocs
 430.01   9896  49409 sicklies
 440.01   9447  50977 kidels
 450.00   8904  52537 nubbier
 460.00   8132  54394 rooming
 470.00   7462  56510 remoud
 480.00   7111  58648 satining
 490.00   6508  60741 nomadise
 500.00   5558  62880 gutsing
 510.00   4581  66369 bellinis
 520.00   2021  73382 zymoid
78768 neighbors after  524.74 seconds
